scores: [0.8735213438961219, 0.8482106715824316, 0.8635476351129967, 0.8628564177941271, 0.792004342179762, 0.9677203134884171, 0.810660904531785, 0.8410223649627403, 0.8518956781844425, 0.948593075723134, 0.8081537053161719, 0.9293316599434812, 0.8339865269143047, 0.9004546454116402, 0.8528599005347873, 0.8247080233377968, 0.9629971802700071, 0.8491986183440206, 0.8910745999906753, 0.9560908095210585]
evaluation_score: 0.873
cost: 0.40921
